123
333
333
222
222
5555
555
444
444
444
444
555
555
222
222
222
333
444
555
666
777
888
999
111
222
333
444
555
666
777
555
666
333
444
555
666
11,99
99,11
222,333,444
444,222
222,444
333
333
11
22
66
66
66
66
55
44,55
55,44
11,22
33,44
55,66
77,88
66
55,77
44,66
44,55
55,66
77,88
88,77
11,99
99,11
11,
1
11,11
11,11









121,32
121,33
121,33
121,33
222,555
11,22
33,44
55,33
44,77
44,55
66,77
,88,99
eatme,11
99,88
33,44
33,44
44,55
,55,66

11,33
77,33
22,55
33,55
44,66
,55,77
77,22
77,22
66,22
44,66
44,66
33,88
99,22
99,32

99,66
55,33
22,77







































12,34
56,78


11,22
44,55
66,77
55,88
33,56
99,11
66,34
76,43
88,99
